0  1.34  1.6598  0.365  0.23698  0.20575  -0.357  4.86653  
0  1.34237  1.66088  0.36143  0.23698  0.10765  -0.357  4.86917  
0.01  1.34474  1.66097  0.35786  0.23698  0.00955  -0.357  4.86774  
0.02  1.34711  1.66009  0.35429  0.23698  -0.08855  -0.357  4.86631  
0.03  1.34948  1.65822  0.35072  0.23698  -0.18665  -0.357  4.86488  
0.04  1.35185  1.65537  0.34715  0.23698  -0.28475  -0.357  4.86345  
0.05  1.35422  1.65154  0.34358  0.23698  -0.38285  -0.357  4.86202  
0.06  1.35659  1.64673  0.34001  0.23698  -0.48095  -0.357  4.86059  
0.07  1.35896  1.64094  0.33644  0.23698  -0.57905  -0.357  4.85916  
0.08  1.36133  1.63417  0.33287  0.23698  -0.67715  -0.357  4.85774  
0.09  1.3637  1.62642  0.3293  0.23698  -0.77525  -0.357  4.85631  
0.1  1.36607  1.61769  0.32573  0.23698  -0.87335  -0.357  4.85488  
0.11  1.36844  1.60797  0.32216  0.23698  -0.97145  -0.357  4.85345  
0.12  1.37081  1.59728  0.31859  0.23698  -1.06955  -0.357  4.85202  
0.13  1.37318  1.5856  0.31502  0.23698  -1.16765  -0.357  4.85059  
0.14  1.37555  1.57294  0.31145  0.23698  -1.26575  -0.357  4.84916  
0.15  1.37792  1.5593  0.30788  0.23698  -1.36385  -0.357  4.84773  
0.16  1.38029  1.54468  0.30431  0.23698  -1.46195  -0.357  4.8463  
0.17  1.38266  1.52908  0.30074  0.23698  -1.56005  -0.357  4.84487  
0.18  1.38503  1.5125  0.29717  0.23698  -1.65815  -0.357  4.84345  
0.19  1.3874  1.49494  0.2936  0.23698  -1.75625  -0.357  4.84202  
0.2  1.38977  1.4764  0.29003  0.23698  -1.85435  -0.357  4.84059  
0.21  1.39214  1.45687  0.28646  0.23698  -1.95245  -0.357  4.83916  
0.22  1.39451  1.43637  0.28289  0.23698  -2.05055  -0.357  4.83773  
0.23  1.39688  1.41488  0.27932  0.23698  -2.14865  -0.357  4.8363  
0.24  1.39925  1.39241  0.27575  0.23698  -2.24675  -0.357  4.83487  
0.25  1.40161  1.36896  0.27218  0.23698  -2.34485  -0.357  4.83344  
0.26  1.40398  1.34453  0.26861  0.23698  -2.44295  -0.357  4.83201  
0.27  1.40635  1.31912  0.26504  0.23698  -2.54105  -0.357  4.83058  
0.28  1.40872  1.29273  0.26147  0.23698  -2.63915  -0.357  4.82916  
0.29  1.41109  1.26536  0.2579  0.23698  -2.73725  -0.357  4.82773  
0.3  1.41346  1.23701  0.25433  0.23698  -2.83535  -0.357  4.8263  
0.31  1.41583  1.20767  0.25076  0.23698  -2.93345  -0.357  4.82487  
0.32  1.4182  1.17736  0.24719  0.23698  -3.03155  -0.357  4.82344  
0.33  1.42057  1.14606  0.24362  0.23698  -3.12965  -0.357  4.82201  
0.34  1.42294  1.11378  0.24005  0.23698  -3.22775  -0.357  4.82058  
0.35  1.42531  1.08052  0.23648  0.23698  -3.32585  -0.357  4.81915  
0.36  1.42768  1.04628  0.23291  0.23698  -3.42395  -0.357  4.81772  
0.37  1.43005  1.01106  0.229518  0.23698  -3.52205  -0.339155  4.81685  
0.38  1.43242  0.974862  0.226595  0.23698  -3.62015  -0.292352  4.81683  
0.39  1.43479  0.93768  0.224389  0.23698  -3.71825  -0.220587  4.81616  
0.4  1.43716  0.899516  0.223089  0.23698  -3.81635  -0.129988  4.81458  
0.41  1.43953  0.860372  0.222806  0.23698  -3.91445  -0.0282899  4.81215  
0.42  1.4419  0.820246  0.223565  0.23698  -4.01255  0.0758236  4.80919  
0.43  1.44427  0.77914  0.225299  0.23698  -4.11065  0.173463  4.80623  
0.44  1.44664  0.737052  0.227862  0.23698  -4.20875  0.256292  4.80377  
0.45  1.44901  0.693984  0.231034  0.23698  -4.30685  0.317237  4.80215  
0.46  1.45138  0.649934  0.234545  0.23698  -4.40495  0.351096  4.80145  
0.47  1.45375  0.604904  0.238095  0.23698  -4.50305  0.354978  4.80141  
0.48  1.45612  0.558892  0.241645  0.23698  -4.60115  0.354978  4.80036  
0.49  1.45849  0.5119  0.245195  0.23698  -4.69925  0.354978  4.79893  
0.5  1.46086  0.463926  0.248745  0.23698  -4.79735  0.354978  4.7975  
0.51  1.46323  0.414972  0.252294  0.23698  -4.89545  0.354978  4.79607  
0.52  1.4656  0.365036  0.255844  0.23698  -4.99355  0.354978  4.79465  
0.53  1.46797  0.31412  0.259394  0.23698  -5.09165  0.354978  4.79322  
0.54  1.47034  0.262222  0.262944  0.23698  -5.18975  0.354978  4.79179  
0.55  1.47271  0.209344  0.266493  0.23698  -5.28785  0.354978  4.79036  
0.56  1.47508  0.157675  0.270043  0.23698  -5.16689  0.354978  4.87238  
0.57  1.47745  0.111627  0.273593  0.23698  -4.60477  0.354978  5.20869  
0.58  1.47982  0.0751326  0.277143  0.23698  -3.64948  0.354978  5.4306  
0.59  1.48219  0.0513067  0.280693  0.23698  -2.38259  0.354978  5.46395  
0.6  1.48456  0.0421841  0.284242  0.23698  -0.91226  0.354978  5.29759  
0.61  1.48693  0.0485437  0.287792  0.23698  0.635957  0.354978  4.98713  
0.62  1.4893  0.0698424  0.291342  0.23698  2.12987  0.354978  4.63633  
0.63  1.49167  0.104262  0.294892  0.23698  3.44194  0.354978  4.36245  
0.64  1.49404  0.148863  0.298441  0.23698  4.46012  0.354978  4.25702  
0.65  1.49641  0.199838  0.301991  0.23698  5.09748  0.354978  4.35529  
0.66  1.49878  0.252834  0.305541  0.23698  5.2996  0.354978  4.62441  
0.67  1.50115  0.304849  0.309091  0.23698  5.2015  0.354978  4.93411  
0.68  1.50352  0.355883  0.312641  0.23698  5.1034  0.354978  4.93268  
0.69  1.50589  0.405936  0.31619  0.23698  5.0053  0.354978  4.93125  
0.7  1.50826  0.455008  0.31974  0.23698  4.9072  0.354978  4.92982  
0.71  1.51063  0.503099  0.32329  0.23698  4.8091  0.354978  4.92839  
0.72  1.513  0.550209  0.32684  0.23698  4.711  0.354978  4.92697  
0.73  1.51537  0.596338  0.330389  0.23698  4.6129  0.354978  4.92554  
0.74  1.51774  0.641486  0.333939  0.23698  4.5148  0.354978  4.92411  
0.75  1.5201  0.685653  0.337489  0.23698  4.4167  0.354978  4.92268  
0.76  1.52247  0.728839  0.341039  0.23698  4.3186  0.354978  4.92125  
0.77  1.52484  0.771044  0.344589  0.23698  4.2205  0.354978  4.91982  
0.78  1.52721  0.812268  0.348138  0.23698  4.1224  0.354978  4.91839  
0.79  1.52958  0.852511  0.351688  0.23698  4.0243  0.354978  4.91696  
0.8  1.53195  0.891773  0.355238  0.23698  3.9262  0.354978  4.91553  
0.81  1.53432  0.930054  0.358788  0.23698  3.8281  0.354978  4.9141  
0.82  1.53669  0.967354  0.362337  0.23698  3.73  0.354978  4.91268  
0.83  1.53906  1.00367  0.365887  0.23698  3.6319  0.354978  4.91125  
0.84  1.54143  1.03901  0.369437  0.23698  3.5338  0.354978  4.90982  
0.85  1.5438  1.07337  0.372987  0.23698  3.4357  0.354978  4.90839  
0.86  1.54617  1.10674  0.376537  0.23698  3.3376  0.354978  4.90696  
0.87  1.54854  1.13914  0.380086  0.23698  3.2395  0.354978  4.90553  
0.88  1.55091  1.17055  0.383636  0.23698  3.1414  0.354978  4.9041  
0.89  1.55328  1.20099  0.387186  0.23698  3.0433  0.354978  4.90267  
0.9  1.55565  1.23044  0.390736  0.23698  2.9452  0.354978  4.90124  
0.91  1.55802  1.25891  0.394285  0.23698  2.8471  0.354978  4.89981  
0.92  1.56039  1.2864  0.397835  0.23698  2.749  0.354978  4.89839  
0.93  1.56276  1.31291  0.401385  0.23698  2.6509  0.354978  4.89696  
0.94  1.56513  1.33844  0.404935  0.23698  2.5528  0.354978  4.89553  
0.95  1.5675  1.36298  0.408485  0.23698  2.4547  0.354978  4.8941  
0.96  1.56987  1.38655  0.412034  0.23698  2.3566  0.354978  4.89267  
0.97  1.57224  1.40914  0.415584  0.23698  2.2585  0.354978  4.89124  
0.98  1.57461  1.43074  0.419134  0.23698  2.1604  0.354978  4.88981  
0.99  1.57698  1.45136  0.422684  0.23698  2.0623  0.354978  4.88838  
1  1.57935  1.471  0.426233  0.23698  1.9642  0.354978  4.88695  
1.01  1.58172  1.48967  0.429783  0.23698  1.8661  0.354978  4.88552  
1.02  1.58409  1.50735  0.433333  0.23698  1.768  0.354978  4.88409  
1.03  1.58646  1.52404  0.436883  0.23698  1.6699  0.354978  4.88267  
1.04  1.58883  1.53976  0.440433  0.23698  1.5718  0.354978  4.88124  
1.05  1.5912  1.5545  0.443982  0.23698  1.4737  0.354978  4.87981  
1.06  1.59357  1.56826  0.447532  0.23698  1.3756  0.354978  4.87838  
1.07  1.59594  1.58103  0.451082  0.23698  1.2775  0.354978  4.87695  
1.08  1.59831  1.59282  0.454632  0.23698  1.1794  0.354978  4.87552  
1.09  1.60068  1.60364  0.458181  0.23698  1.0813  0.354978  4.87409  
1.1  1.60305  1.61347  0.461731  0.23698  0.983204  0.354978  4.87266  
1.11  1.60542  1.62232  0.465281  0.23698  0.885104  0.354978  4.87123  
1.12  1.60779  1.63019  0.468831  0.23698  0.787004  0.354978  4.8698  
1.13  1.61016  1.63708  0.472381  0.23698  0.688904  0.354978  4.86838  
1.14  1.61253  1.64299  0.47593  0.23698  0.590804  0.354978  4.86695  
1.15  1.6149  1.64791  0.47948  0.23698  0.492704  0.354978  4.86552  
1.16  1.61727  1.65186  0.48303  0.23698  0.394604  0.354978  4.86409  
1.17  1.61964  1.65483  0.48658  0.23698  0.296504  0.354978  4.86266  
1.18  1.62201  1.65681  0.49013  0.23698  0.198404  0.354978  4.86123  
1.19  1.62438  1.65781  0.493679  0.23698  0.100304  0.354978  4.8598  
1.2  1.62675  1.65783  0.497229  0.23698  0.00220388  0.354978  4.85837  
1.21  1.62912  1.65688  0.500779  0.23698  -0.0958961  0.354978  4.85694  
1.22  1.63149  1.65494  0.504329  0.23698  -0.193996  0.354978  4.85551  
1.23  1.63386  1.65202  0.507878  0.23698  -0.292096  0.354978  4.85409  
1.24  1.63623  1.64811  0.511428  0.23698  -0.390196  0.354978  4.85266  
1.25  1.63859  1.64323  0.514978  0.23698  -0.488296  0.354978  4.85123  
1.26  1.64096  1.63737  0.518528  0.23698  -0.586396  0.354978  4.8498  
1.27  1.64333  1.63052  0.522078  0.23698  -0.684496  0.354978  4.84837  
1.28  1.6457  1.6227  0.525627  0.23698  -0.782596  0.354978  4.84694  
1.29  1.64807  1.61389  0.529177  0.23698  -0.880696  0.354978  4.84551  
1.3  1.65044  1.6041  0.532727  0.23698  -0.978796  0.354978  4.84408  
1.31  1.65281  1.59333  0.536277  0.23698  -1.0769  0.354978  4.84265  
1.32  1.65518  1.58158  0.539826  0.23698  -1.175  0.354978  4.84122  
1.33  1.65755  1.56885  0.543376  0.23698  -1.2731  0.354978  4.8398  
1.34  1.65992  1.55514  0.546926  0.23698  -1.3712  0.354978  4.83837  
1.35  1.66229  1.54045  0.550476  0.23698  -1.4693  0.354978  4.83694  
1.36  1.66466  1.52477  0.554026  0.23698  -1.5674  0.354978  4.83551  
1.37  1.66703  1.50812  0.557575  0.23698  -1.6655  0.354978  4.83408  
1.38  1.6694  1.49048  0.561125  0.23698  -1.7636  0.354978  4.83265  
1.39  1.67177  1.47186  0.564675  0.23698  -1.8617  0.354978  4.83122  
1.4  1.67414  1.45227  0.568225  0.23698  -1.9598  0.354978  4.82979  
1.41  1.67651  1.43169  0.571774  0.23698  -2.0579  0.354978  4.82836  
1.42  1.67888  1.41013  0.575324  0.23698  -2.156  0.354978  4.82693  
1.43  1.68125  1.38759  0.578874  0.23698  -2.2541  0.354978  4.82551  
1.44  1.68362  1.36406  0.582424  0.23698  -2.3522  0.354978  4.82408  
1.45  1.68599  1.33956  0.585974  0.23698  -2.4503  0.354978  4.82265  
1.46  1.68836  1.31408  0.589523  0.23698  -2.5484  0.354978  4.82122  
1.47  1.69073  1.28761  0.593073  0.23698  -2.6465  0.354978  4.81979  
1.48  1.6931  1.26017  0.596623  0.23698  -2.7446  0.354978  4.81836  
1.49  1.69547  1.23174  0.600173  0.23698  -2.8427  0.354978  4.81693  
1.5  1.69784  1.20233  0.603722  0.23698  -2.9408  0.354978  4.8155  
1.51  1.70021  1.17194  0.607272  0.23698  -3.0389  0.354978  4.81407  
1.52  1.70258  1.14057  0.610822  0.23698  -3.137  0.354978  4.81264  
1.53  1.70495  1.10822  0.614372  0.23698  -3.2351  0.354978  4.81122  
1.54  1.70732  1.07489  0.617922  0.23698  -3.3332  0.354978  4.80979  
1.55  1.70969  1.04058  0.621471  0.23698  -3.4313  0.354978  4.80836  
1.56  1.71206  1.00528  0.625021  0.23698  -3.5294  0.354978  4.80693  
1.57  1.71443  0.969007  0.628571  0.23698  -3.6275  0.354978  4.8055  
1.58  1.7168  0.931751  0.632121  0.23698  -3.7256  0.354978  4.80407  
1.59  1.71917  0.893514  0.63567  0.23698  -3.8237  0.354978  4.80264  
1.6  1.72154  0.854296  0.63922  0.23698  -3.9218  0.354978  4.80121  
1.61  1.72391  0.814097  0.64277  0.23698  -4.0199  0.354978  4.79978  
1.62  1.72628  0.772918  0.64632  0.23698  -4.118  0.354978  4.79835  
1.63  1.72865  0.730757  0.64987  0.23698  -4.2161  0.354978  4.79693  
1.64  1.73102  0.687615  0.653419  0.23698  -4.3142  0.354978  4.7955  
1.65  1.73339  0.643492  0.656969  0.23698  -4.4123  0.354978  4.79407  
1.66  1.73576  0.598388  0.660519  0.23698  -4.5104  0.354978  4.79264  
1.67  1.73813  0.552303  0.664069  0.23698  -4.6085  0.354978  4.79121  
1.68  1.7405  0.505237  0.667618  0.23698  -4.7066  0.354978  4.78978  
1.69  1.74287  0.45719  0.671168  0.23698  -4.8047  0.354978  4.78835  
1.7  1.74524  0.408162  0.674718  0.23698  -4.9028  0.354978  4.78692  
1.71  1.74761  0.358153  0.678268  0.23698  -5.0009  0.354978  4.78549  
1.72  1.74998  0.307163  0.681818  0.23698  -5.099  0.354978  4.78406  
1.73  1.75235  0.255192  0.685367  0.23698  -5.1971  0.354978  4.78264  
1.74  1.75472  0.20224  0.688917  0.23698  -5.2952  0.354978  4.78121  
1.75  1.75708  0.151104  0.692467  0.23698  -5.11358  0.354978  4.91585  
1.76  1.75945  0.106151  0.696017  0.23698  -4.49536  0.354978  5.24247  
1.77  1.76182  0.0712176  0.699566  0.23698  -3.4933  0.354978  5.44193  
1.78  1.76419  0.0492878  0.703116  0.23698  -2.19298  0.354978  5.44755  
1.79  1.76656  0.0422336  0.706666  0.23698  -0.705418  0.354978  5.25745  
1.8  1.76893  0.0506574  0.710216  0.23698  0.842377  0.354978  4.93517  
1.81  1.7713  0.0738398  0.713766  0.23698  2.31825  0.354978  4.58844  
1.82  1.77367  0.109802  0.717315  0.23698  3.59618  0.354978  4.33313  
1.83  1.77604  0.155472  0.720865  0.23698  4.56706  0.354978  4.2546  
1.84  1.77841  0.206952  0.724415  0.23698  5.14799  0.354978  4.37908  
1.85  1.78078  0.259846  0.727965  0.23698  5.28937  0.354978  4.66497  
1.86  1.78315  0.311758  0.731514  0.23698  5.19127  0.354978  4.93845  
1.87  1.78552  0.36269  0.735064  0.23698  5.09317  0.354978  4.93702  
1.88  1.78789  0.412641  0.738614  0.23698  4.99507  0.354978  4.93559  
1.89  1.79026  0.461611  0.742164  0.23698  4.89697  0.354978  4.93416  
1.9  1.79263  0.509599  0.745714  0.23698  4.79887  0.354978  4.93273  
1.91  1.795  0.556607  0.749263  0.23698  4.70077  0.354978  4.9313  
1.92  1.79737  0.602634  0.752813  0.23698  4.60267  0.354978  4.92987  
1.93  1.79974  0.647679  0.756363  0.23698  4.50457  0.354978  4.92844  
1.94  1.80211  0.691744  0.759913  0.23698  4.40647  0.354978  4.92702  
1.95  1.80448  0.734828  0.763463  0.23698  4.30837  0.354978  4.92559  
1.96  1.80685  0.77693  0.767012  0.23698  4.21027  0.354978  4.92416  
1.97  1.80922  0.818052  0.770562  0.23698  4.11217  0.354978  4.92273  
1.98  1.81159  0.858193  0.774112  0.23698  4.01407  0.354978  4.9213  
1.99  1.81396  0.897353  0.777662  0.23698  3.91597  0.354978  4.91987  
2  1.81633  0.935531  0.781211  0.23698  3.81787  0.354978  4.91844  
2.01  1.8187  0.972729  0.784761  0.23698  3.71977  0.354978  4.91701  
2.02  1.82107  1.00895  0.788311  0.23698  3.62167  0.354978  4.91558  
2.03  1.82344  1.04418  0.791861  0.23698  3.52357  0.354978  4.91415  
2.04  1.82581  1.07844  0.795411  0.23698  3.42547  0.354978  4.91273  
2.05  1.82818  1.11171  0.79896  0.23698  3.32737  0.354978  4.9113  
2.06  1.83055  1.144  0.80251  0.23698  3.22927  0.354978  4.90987  
2.07  1.83292  1.17531  0.80606  0.23698  3.13117  0.354978  4.90844  
2.08  1.83529  1.20564  0.80961  0.23698  3.03307  0.354978  4.90701  
2.09  1.83766  1.23499  0.813159  0.23698  2.93497  0.354978  4.90558  
2.1  1.84003  1.26336  0.816709  0.23698  2.83687  0.354978  4.90415  
2.11  1.8424  1.29075  0.820259  0.23698  2.73877  0.354978  4.90272  
2.12  1.84477  1.31716  0.823809  0.23698  2.64067  0.354978  4.90129  
2.13  1.84714  1.34258  0.827359  0.23698  2.54257  0.354978  4.89986  
2.14  1.84951  1.36703  0.830908  0.23698  2.44447  0.354978  4.89844  
2.15  1.85188  1.39049  0.834458  0.23698  2.34637  0.354978  4.89701  
2.16  1.85425  1.41297  0.838008  0.23698  2.24827  0.354978  4.89558  
2.17  1.85662  1.43448  0.841558  0.23698  2.15017  0.354978  4.89415  
2.18  1.85899  1.455  0.845107  0.23698  2.05207  0.354978  4.89272  
2.19  1.86136  1.47454  0.848657  0.23698  1.95397  0.354978  4.89129  
2.2  1.86373  1.4931  0.852207  0.23698  1.85587  0.354978  4.88986  
2.21  1.8661  1.51067  0.855757  0.23698  1.75777  0.354978  4.88843  
2.22  1.86847  1.52727  0.859307  0.23698  1.65967  0.354978  4.887  
2.23  1.87084  1.54289  0.862856  0.23698  1.56157  0.354978  4.88557  
2.24  1.87321  1.55752  0.866406  0.23698  1.46347  0.354978  4.88414  
2.25  1.87557  1.57117  0.869956  0.23698  1.36537  0.354978  4.88272  
2.26  1.87794  1.58385  0.873506  0.23698  1.26727  0.354978  4.88129  
2.27  1.88031  1.59554  0.877055  0.23698  1.16917  0.354978  4.87986  
2.28  1.88268  1.60625  0.880605  0.23698  1.07107  0.354978  4.87843  
2.29  1.88505  1.61598  0.884155  0.23698  0.97297  0.354978  4.877  
2.3  1.88742  1.62473  0.887705  0.23698  0.87487  0.354978  4.87557  
2.31  1.88979  1.63249  0.891255  0.23698  0.77677  0.354978  4.87414  
2.32  1.89216  1.63928  0.894804  0.23698  0.67867  0.354978  4.87271  
2.33  1.89453  1.64509  0.898354  0.23698  0.58057  0.354978  4.87128  
2.34  1.8969  1.64991  0.901904  0.23698  0.48247  0.354978  4.86985  
2.35  1.89927  1.65376  0.905454  0.23698  0.38437  0.354978  4.86843  
2.36  1.90164  1.65662  0.909003  0.23698  0.28627  0.354978  4.867  
2.37  1.90401  1.6585  0.912553  0.23698  0.18817  0.354978  4.86557  
2.38  1.90638  1.6594  0.916103  0.23698  0.0900699  0.354978  4.86414  
2.39  1.90875  1.65932  0.919653  0.23698  -0.0080301  0.354978  4.86271  
2.4  1.91112  1.65826  0.923203  0.23698  -0.10613  0.354978  4.86128  
2.41  1.91349  1.65622  0.926752  0.23698  -0.20423  0.354978  4.85985  
2.42  1.91586  1.65319  0.930302  0.23698  -0.30233  0.354978  4.85842  
2.43  1.91823  1.64919  0.933852  0.23698  -0.40043  0.354978  4.85699  
2.44  1.9206  1.6442  0.937402  0.23698  -0.49853  0.354978  4.85556  
2.45  1.92297  1.63824  0.940951  0.23698  -0.59663  0.354978  4.85414  
2.46  1.92534  1.63129  0.944501  0.23698  -0.69473  0.354978  4.85271  
2.47  1.92771  1.62336  0.948051  0.23698  -0.79283  0.354978  4.85128  
2.48  1.93008  1.61445  0.951601  0.23698  -0.89093  0.354978  4.84985  
2.49  1.93245  1.60456  0.955151  0.23698  -0.98903  0.354978  4.84842  
2.5  1.93482  1.59369  0.9587  0.23698  -1.08713  0.354978  4.84699  
2.51  1.93719  1.58184  0.96225  0.23698  -1.18523  0.354978  4.84556  
2.52  1.93956  1.56901  0.9658  0.23698  -1.28333  0.354978  4.84413  
2.53  1.94193  1.55519  0.96935  0.23698  -1.38143  0.354978  4.8427  
2.54  1.9443  1.5404  0.972899  0.23698  -1.47953  0.354978  4.84127  
2.55  1.94667  1.52462  0.976449  0.23698  -1.57763  0.354978  4.83985  
2.56  1.94904  1.50786  0.979999  0.23698  -1.67573  0.354978  4.83842  
2.57  1.95141  1.49012  0.983549  0.23698  -1.77383  0.354978  4.83699  
2.58  1.95378  1.4714  0.987099  0.23698  -1.87193  0.354978  4.83556  
2.59  1.95615  1.4517  0.990648  0.23698  -1.97003  0.354978  4.83413  
2.6  1.95852  1.43102  0.994198  0.23698  -2.06813  0.354978  4.8327  
2.61  1.96089  1.40936  0.997748  0.23698  -2.16623  0.354978  4.83127  
2.62  1.96326  1.38672  1.0013  0.23698  -2.26433  0.354978  4.82984  
2.63  1.96563  1.36309  1.00485  0.23698  -2.36243  0.354978  4.82841  
2.64  1.968  1.33849  1.0084  0.23698  -2.46053  0.354978  4.82698  
2.65  1.97037  1.3129  1.01195  0.23698  -2.55863  0.354978  4.82556  
2.66  1.97274  1.28633  1.0155  0.23698  -2.65673  0.354978  4.82413  
2.67  1.97511  1.25879  1.01905  0.23698  -2.75483  0.354978  4.8227  
2.68  1.97748  1.23026  1.0226  0.23698  -2.85293  0.354978  4.82127  
2.69  1.97985  1.20075  1.02615  0.23698  -2.95103  0.354978  4.81984  
2.7  1.98222  1.17026  1.0297  0.23698  -3.04913  0.354978  4.81841  
2.71  1.98459  1.13878  1.03325  0.23698  -3.14723  0.354978  4.81698  
2.72  1.98696  1.10633  1.0368  0.23698  -3.24533  0.354978  4.81555  
2.73  1.98933  1.0729  1.04035  0.23698  -3.34343  0.354978  4.81412  
2.74  1.9917  1.03848  1.0439  0.23698  -3.44153  0.354978  4.81269  
2.75  1.99406  1.00308  1.04744  0.23698  -3.53963  0.354978  4.81127  
2.76  1.99643  0.966706  1.05099  0.23698  -3.63773  0.354978  4.80984  
2.77  1.9988  0.929348  1.05454  0.23698  -3.73583  0.354978  4.80841  
2.78  2.00117  0.891009  1.05809  0.23698  -3.83393  0.354978  4.80698  
2.79  2.00354  0.851688  1.06164  0.23698  -3.93203  0.354978  4.80555  
2.8  2.00591  0.811387  1.06519  0.23698  -4.03013  0.354978  4.80412  
2.81  2.00828  0.770105  1.06874  0.23698  -4.12823  0.354978  4.80269  
2.82  2.01065  0.727842  1.07229  0.23698  -4.22633  0.354978  4.80126  
2.83  2.01302  0.684597  1.07584  0.23698  -4.32443  0.354978  4.79983  
2.84  2.01539  0.640372  1.07939  0.23698  -4.42253  0.354978  4.7984  
2.85  2.01776  0.595166  1.08294  0.23698  -4.52063  0.354978  4.79698  
2.86  2.02013  0.548978  1.08649  0.23698  -4.61873  0.354978  4.79555  
2.87  2.0225  0.50181  1.09004  0.23698  -4.71683  0.354978  4.79412  
2.88  2.02487  0.453661  1.09359  0.23698  -4.81493  0.354978  4.79269  
2.89  2.02724  0.40453  1.09714  0.23698  -4.91303  0.354978  4.79126  
2.9  2.02961  0.354419  1.10069  0.23698  -5.01113  0.354978  4.78983  
2.91  2.03198  0.303327  1.10424  0.23698  -5.10923  0.354978  4.7884  
2.92  2.03435  0.251254  1.10779  0.23698  -5.20733  0.354978  4.78697  
2.93  2.03672  0.198199  1.11134  0.23698  -5.30543  0.354978  4.78554  
2.94  2.03909  0.147306  1.11489  0.23698  -5.08932  0.354978  4.95582  
2.95  2.04146  0.10292  1.11844  0.23698  -4.43866  0.354978  5.27727  
2.96  2.04383  0.0688293  1.12199  0.23698  -3.40902  0.354978  5.46419  
2.97  2.0462  0.0479463  1.12554  0.23698  -2.08831  0.354978  5.45411  
2.98  2.04857  0.0420534  1.12909  0.23698  -0.589288  0.354978  5.2504  
2.99  2.05094  0.0516538  1.13264  0.23698  0.960045  0.354978  4.92113  
3  2.05331  0.0759279  1.13619  0.23698  2.42741  0.354978  4.57638  
3.01  2.05568  0.112803  1.13974  0.23698  3.68751  0.354978  4.33136  
3.02  2.05805  0.159131  1.14329  0.23698  4.63276  0.354978  4.26798  
3.03  2.06042  0.210955  1.14684  0.23698  5.18246  0.354978  4.40742  
3.04  2.06279  0.263852  1.15039  0.23698  5.28966  0.354978  4.70307  
3.05  2.06516  0.315767  1.15394  0.23698  5.19156  0.354978  4.95057  
3.06  2.06753  0.366702  1.15749  0.23698  5.09346  0.354978  4.94914  
3.07  2.0699  0.416656  1.16104  0.23698  4.99536  0.354978  4.94771  
3.08  2.07227  0.465628  1.16459  0.23698  4.89726  0.354978  4.94628  
3.09  2.07464  0.51362  1.16814  0.23698  4.79916  0.354978  4.94486  
3.1  2.07701  0.56063  1.17169  0.23698  4.70106  0.354978  4.94343  
3.11  2.07938  0.60666  1.17524  0.23698  4.60296  0.354978  4.942  
3.12  2.08175  0.651708  1.17879  0.23698  4.50486  0.354978  4.94057  
3.13  2.08412  0.695776  1.18234  0.23698  4.40676  0.354978  4.93914  
3.14  2.08649  0.738863  1.18589  0.23698  4.30866  0.354978  4.93771  
3.15  2.08886  0.780968  1.18944  0.23698  4.21056  0.354978  4.93628  
3.16  2.09123  0.822093  1.19299  0.23698  4.11246  0.354978  4.93485  
3.17  2.0936  0.862236  1.19654  0.23698  4.01436  0.354978  4.93342  
3.18  2.09597  0.901399  1.20009  0.23698  3.91626  0.354978  4.93199  
3.19  2.09834  0.939581  1.20364  0.23698  3.81816  0.354978  4.93057  
3.2  2.10071  0.976781  1.20718  0.23698  3.72006  0.354978  4.92914  
3.21  2.10308  1.013  1.21073  0.23698  3.62196  0.354978  4.92771  
3.22  2.10545  1.04824  1.21428  0.23698  3.52386  0.354978  4.92628  
3.23  2.10782  1.0825  1.21783  0.23698  3.42576  0.354978  4.92485  
3.24  2.11019  1.11577  1.22138  0.23698  3.32766  0.354978  4.92342  
3.25  2.11255  1.14807  1.22493  0.23698  3.22956  0.354978  4.92199  
3.26  2.11492  1.17938  1.22848  0.23698  3.13146  0.354978  4.92056  
3.27  2.11729  1.20972  1.23203  0.23698  3.03336  0.354978  4.91913  
3.28  2.11966  1.23907  1.23558  0.23698  2.93526  0.354978  4.9177  
3.29  2.12203  1.26744  1.23913  0.23698  2.83716  0.354978  4.91627  
3.3  2.1244  1.29483  1.24268  0.23698  2.73906  0.354978  4.91485  
3.31  2.12677  1.32124  1.24623  0.23698  2.64096  0.354978  4.91342  
3.32  2.12914  1.34667  1.24978  0.23698  2.54286  0.354978  4.91199  
3.33  2.13151  1.37112  1.25333  0.23698  2.44476  0.354978  4.91056  
3.34  2.13388  1.39458  1.25688  0.23698  2.34666  0.354978  4.90913  
3.35  2.13625  1.41707  1.26043  0.23698  2.24856  0.354978  4.9077  
3.36  2.13862  1.43857  1.26398  0.23698  2.15046  0.354978  4.90627  
3.37  2.14099  1.4591  1.26753  0.23698  2.05236  0.354978  4.90484  
3.38  2.14336  1.47864  1.27108  0.23698  1.95426  0.354978  4.90341  
3.39  2.14573  1.4972  1.27463  0.23698  1.85616  0.354978  4.90198  
3.4  2.1481  1.51478  1.27818  0.23698  1.75806  0.354978  4.90056  
3.41  2.15047  1.53138  1.28173  0.23698  1.65996  0.354978  4.89913  
3.42  2.15284  1.547  1.28528  0.23698  1.56186  0.354978  4.8977  
3.43  2.15521  1.56164  1.28883  0.23698  1.46376  0.354978  4.89627  
3.44  2.15758  1.5753  1.29238  0.23698  1.36566  0.354978  4.89484  
3.45  2.15995  1.58797  1.29593  0.23698  1.26756  0.354978  4.89341  
3.46  2.16232  1.59967  1.29948  0.23698  1.16946  0.354978  4.89198  
3.47  2.16469  1.61038  1.30303  0.23698  1.07136  0.354978  4.89055  
3.48  2.16706  1.62011  1.30658  0.23698  0.973258  0.354978  4.88912  
3.49  2.16943  1.62886  1.31013  0.23698  0.875158  0.354978  4.88769  
3.5  2.1718  1.63663  1.31368  0.23698  0.777058  0.354978  4.88627  
3.51  2.17417  1.64342  1.31723  0.23698  0.678958  0.354978  4.88484  
3.52  2.17654  1.64923  1.32078  0.23698  0.580858  0.354978  4.88341  
3.53  2.17891  1.65406  1.32433  0.23698  0.482758  0.354978  4.88198  
3.54  2.18128  1.65791  1.32788  0.23698  0.384658  0.354978  4.88055  
3.55  2.18365  1.66077  1.33143  0.23698  0.286558  0.354978  4.87912  
3.56  2.18602  1.66266  1.33498  0.23698  0.188458  0.354978  4.87769  
3.57  2.18839  1.66356  1.33853  0.23698  0.0903582  0.354978  4.87626  
3.58  2.19076  1.66348  1.34208  0.23698  -0.00774181  0.354978  4.87483  
3.59  2.19313  1.66242  1.34563  0.23698  -0.105842  0.354978  4.8734  
3.6  2.1955  1.66038  1.34918  0.23698  -0.203942  0.354978  4.87198  
3.61  2.19787  1.65736  1.35273  0.23698  -0.302042  0.354978  4.87055  
3.62  2.20024  1.65336  1.35628  0.23698  -0.400142  0.354978  4.86912  
3.63  2.20261  1.64838  1.35983  0.23698  -0.498242  0.354978  4.86769  
3.64  2.20498  1.64242  1.36338  0.23698  -0.596342  0.354978  4.86626  
3.65  2.20735  1.63547  1.36692  0.23698  -0.694442  0.354978  4.86483  
3.66  2.20972  1.62755  1.37047  0.23698  -0.792542  0.354978  4.8634  
3.67  2.21209  1.61864  1.37402  0.23698  -0.890642  0.354978  4.86197  
3.68  2.21446  1.60875  1.37757  0.23698  -0.988742  0.354978  4.86054  
3.69  2.21683  1.59788  1.38112  0.23698  -1.08684  0.354978  4.85911  
3.7  2.2192  1.58604  1.38467  0.23698  -1.18494  0.354978  4.85769  
3.71  2.22157  1.5732  1.38822  0.23698  -1.28304  0.354978  4.85626  
3.72  2.22394  1.55939  1.39177  0.23698  -1.38114  0.354978  4.85483  
3.73  2.22631  1.5446  1.39532  0.23698  -1.47924  0.354978  4.8534  
3.74  2.22868  1.52883  1.39887  0.23698  -1.57734  0.354978  4.85197  
3.75  2.23104  1.51207  1.40242  0.23698  -1.67544  0.354978  4.85054  
3.76  2.23341  1.49434  1.40597  0.23698  -1.77354  0.354978  4.84911  
3.77  2.23578  1.47562  1.40952  0.23698  -1.87164  0.354978  4.84768  
3.78  2.23815  1.45592  1.41307  0.23698  -1.96974  0.354978  4.84625  
3.79  2.24052  1.43525  1.41662  0.23698  -2.06784  0.354978  4.84482  
3.8  2.24289  1.41359  1.42017  0.23698  -2.16594  0.354978  4.8434  
3.81  2.24526  1.39095  1.42372  0.23698  -2.26404  0.354978  4.84197  
3.82  2.24763  1.36732  1.42727  0.23698  -2.36214  0.354978  4.84054  
3.83  2.25  1.34272  1.43082  0.23698  -2.46024  0.354978  4.83911  
3.84  2.25237  1.31714  1.43437  0.23698  -2.55834  0.354978  4.83768  
3.85  2.25474  1.29057  1.43792  0.23698  -2.65644  0.354978  4.83625  
3.86  2.25711  1.26303  1.44147  0.23698  -2.75454  0.354978  4.83482  
3.87  2.25948  1.2345  1.44502  0.23698  -2.85264  0.354978  4.83339  
3.88  2.26185  1.20499  1.44857  0.23698  -2.95074  0.354978  4.83196  
3.89  2.26422  1.17451  1.45212  0.23698  -3.04884  0.354978  4.83053  
3.9  2.26659  1.14304  1.45567  0.23698  -3.14694  0.354978  4.82911  
3.91  2.26896  1.11059  1.45922  0.23698  -3.24504  0.354978  4.82768  
3.92  2.27133  1.07715  1.46277  0.23698  -3.34314  0.354978  4.82625  
3.93  2.2737  1.04274  1.46632  0.23698  -3.44124  0.354978  4.82482  
3.94  2.27607  1.00735  1.46987  0.23698  -3.53934  0.354978  4.82339  
3.95  2.27844  0.970975  1.47342  0.23698  -3.63744  0.354978  4.82196  
3.96  2.28081  0.933619  1.47697  0.23698  -3.73554  0.354978  4.82053  
3.97  2.28318  0.895283  1.48052  0.23698  -3.83364  0.354978  4.8191  
3.98  2.28555  0.855965  1.48407  0.23698  -3.93174  0.354978  4.81767  
3.99  2.28792  0.815667  1.48762  0.23698  -4.02984  0.354978  4.81624  
4  2.29029  0.774388  1.49117  0.23698  -4.12794  0.354978  4.81482  
4.01  2.29266  0.732127  1.49472  0.23698  -4.22604  0.354978  4.81339  
4.02  2.29503  0.688886  1.49827  0.23698  -4.32414  0.354978  4.81196  
4.03  2.2974  0.644663  1.50182  0.23698  -4.42224  0.354978  4.81053  
4.04  2.29977  0.59946  1.50537  0.23698  -4.52034  0.354978  4.8091  
4.05  2.30214  0.553276  1.50892  0.23698  -4.61844  0.354978  4.80767  
4.06  2.30451  0.50611  1.51247  0.23698  -4.71654  0.354978  4.80624  
4.07  2.30688  0.457964  1.51602  0.23698  -4.81464  0.354978  4.80481  
4.08  2.30925  0.408836  1.51957  0.23698  -4.91274  0.354978  4.80338  
4.09  2.31162  0.358728  1.52312  0.23698  -5.01084  0.354978  4.80195  
4.1  2.31399  0.307638  1.52667  0.23698  -5.10894  0.354978  4.80053  
4.11  2.31636  0.255568  1.53021  0.23698  -5.20704  0.354978  4.7991  
4.12  2.31873  0.202517  1.53376  0.23698  -5.30514  0.354978  4.79767  
4.13  2.3211  0.151258  1.53731  0.23698  -5.12589  0.354978  4.93002  
4.14  2.32347  0.106168  1.54086  0.23698  -4.50897  0.354978  5.25837  
4.15  2.32584  0.0710973  1.54441  0.23698  -3.50707  0.354978  5.45962  
4.16  2.32821  0.0490401  1.54796  0.23698  -2.20572  0.354978  5.46651  
4.17  2.33058  0.0418797  1.55151  0.23698  -0.716043  0.354978  5.27672  
4.18  2.33295  0.0502274  1.55506  0.23698  0.834774  0.354978  4.9537  
4.19  2.33532  0.0733705  1.55861  0.23698  2.31432  0.354978  4.60541  
4.2  2.33769  0.109333  1.56216  0.23698  3.59625  0.354978  4.34827  
4.21  2.34006  0.155044  1.56571  0.23698  4.57113  0.354978  4.26822  
4.22  2.34243  0.206602  1.56926  0.23698  5.15572  0.354978  4.39201  
4.23  2.3448  0.259603  1.57281  0.23698  5.30009  0.354978  4.67828  
4.24  2.34717  0.311622  1.57636  0.23698  5.20199  0.354978  4.9546  
4.25  2.34953  0.362661  1.57991  0.23698  5.10389  0.354978  4.95317  
4.26  2.3519  0.412719  1.58346  0.23698  5.00579  0.354978  4.95174  
4.27  2.35427  0.461796  1.58701  0.23698  4.90769  0.354978  4.95031  
4.28  2.35664  0.509892  1.59056  0.23698  4.80959  0.354978  4.94888  
4.29  2.35901  0.557007  1.59411  0.23698  4.71149  0.354978  4.94745  
4.3  2.36138  0.603141  1.59766  0.23698  4.61339  0.354978  4.94602  
4.31  2.36375  0.648294  1.60121  0.23698  4.51529  0.354978  4.94459  
4.32  2.36612  0.692466  1.60476  0.23698  4.41719  0.354978  4.94316  
4.33  2.36849  0.735657  1.60831  0.23698  4.31909  0.354978  4.94174  
4.34  2.37086  0.777867  1.61186  0.23698  4.22099  0.354978  4.94031  
4.35  2.37323  0.819095  1.61541  0.23698  4.12289  0.354978  4.93888  
4.36  2.3756  0.859343  1.61896  0.23698  4.02479  0.354978  4.93745  
4.37  2.37797  0.89861  1.62251  0.23698  3.92669  0.354978  4.93602  
4.38  2.38034  0.936896  1.62606  0.23698  3.82859  0.354978  4.93459  
4.39  2.38271  0.974201  1.62961  0.23698  3.73049  0.354978  4.93316  
4.4  2.38508  1.01052  1.63316  0.23698  3.63239  0.354978  4.93173  
4.41  2.38745  1.04587  1.63671  0.23698  3.53429  0.354978  4.9303  
4.42  2.38982  1.08023  1.64026  0.23698  3.43619  0.354978  4.92887  
4.43  2.39219  1.11361  1.64381  0.23698  3.33809  0.354978  4.92745  
4.44  2.39456  1.14601  1.64736  0.23698  3.23999  0.354978  4.92602  
4.45  2.39693  1.17743  1.65091  0.23698  3.14189  0.354978  4.92459  
4.46  2.3993  1.20787  1.65446  0.23698  3.04379  0.354978  4.92316  
4.47  2.40167  1.23732  1.65801  0.23698  2.94569  0.354978  4.92173  
4.48  2.40404  1.2658  1.66156  0.23698  2.84759  0.354978  4.9203  
4.49  2.40641  1.2933  1.66511  0.23698  2.74949  0.354978  4.91887  
4.5  2.40878  1.31981  1.66866  0.23698  2.65139  0.354978  4.91744  
4.51  2.41115  1.34534  1.67221  0.23698  2.55329  0.354978  4.91601  
4.52  2.41352  1.36989  1.67576  0.23698  2.45519  0.354978  4.91458  
4.53  2.41589  1.39346  1.67931  0.23698  2.35709  0.354978  4.91316  
4.54  2.41826  1.41605  1.68286  0.23698  2.25899  0.354978  4.91173  
4.55  2.42063  1.43766  1.68641  0.23698  2.16089  0.354978  4.9103  
4.56  2.423  1.45829  1.68995  0.23698  2.06279  0.354978  4.90887  
4.57  2.42537  1.47794  1.6935  0.23698  1.96469  0.354978  4.90744  
4.58  2.42774  1.4966  1.69705  0.23698  1.86659  0.354978  4.90601  
4.59  2.43011  1.51429  1.7006  0.23698  1.76849  0.354978  4.90458  
4.6  2.43248  1.53099  1.70415  0.23698  1.67039  0.354978  4.90315  
4.61  2.43485  1.54672  1.7077  0.23698  1.57229  0.354978  4.90172  
4.62  2.43722  1.56146  1.71125  0.23698  1.47419  0.354978  4.90029  
4.63  2.43959  1.57522  1.7148  0.23698  1.37609  0.354978  4.89887  
4.64  2.44196  1.588  1.71835  0.23698  1.27799  0.354978  4.89744  
4.65  2.44433  1.5998  1.7219  0.23698  1.17989  0.354978  4.89601  
4.66  2.4467  1.61062  1.72545  0.23698  1.08179  0.354978  4.89458  
4.67  2.44907  1.62045  1.729  0.23698  0.983691  0.354978  4.89315  
4.68  2.45144  1.62931  1.73255  0.23698  0.885591  0.354978  4.89172  
4.69  2.45381  1.63718  1.7361  0.23698  0.787491  0.354978  4.89029  
4.7  2.45618  1.64408  1.73965  0.23698  0.689391  0.354978  4.88886  
4.71  2.45855  1.64999  1.7432  0.23698  0.591291  0.354978  4.88743  
4.72  2.46092  1.65492  1.74675  0.23698  0.493191  0.354978  4.886  
4.73  2.46329  1.65887  1.7503  0.23698  0.395091  0.354978  4.88458  
4.74  2.46565  1.66184  1.75385  0.23698  0.296991  0.354978  4.88315  
4.75  2.46802  1.66383  1.7574  0.23698  0.198891  0.354978  4.88172  
4.76  2.47039  1.66484  1.76095  0.23698  0.100791  0.354978  4.88029  
4.77  2.47276  1.66487  1.7645  0.23698  0.00269099  0.354978  4.87886  
4.78  2.47513  1.66391  1.76805  0.23698  -0.095409  0.354978  4.87743  
4.79  2.4775  1.66198  1.7716  0.23698  -0.193509  0.354978  4.876  
4.8  2.47987  1.65906  1.77515  0.23698  -0.291609  0.354978  4.87457  
4.81  2.48224  1.65516  1.7787  0.23698  -0.389709  0.354978  4.87314  
4.82  2.48461  1.65029  1.78225  0.23698  -0.487809  0.354978  4.87171  
4.83  2.48698  1.64443  1.7858  0.23698  -0.585909  0.354978  4.87029  
4.84  2.48935  1.63759  1.78935  0.23698  -0.684009  0.354978  4.86886  
4.85  2.49172  1.62977  1.7929  0.23698  -0.782109  0.354978  4.86743  
4.86  2.49409  1.62096  1.79645  0.23698  -0.880209  0.354978  4.866  
4.87  2.49646  1.61118  1.8  0.23698  -0.978309  0.354978  4.86457  
4.88  2.49883  1.60042  1.80355  0.23698  -1.07641  0.354978  4.86314  
4.89  2.5012  1.58867  1.8071  0.23698  -1.17451  0.354978  4.86171  
4.9  2.50357  1.57595  1.81065  0.23698  -1.27261  0.354978  4.86028  
4.91  2.50594  1.56224  1.8142  0.23698  -1.37071  0.354978  4.85885  
4.92  2.50831  1.54755  1.81775  0.23698  -1.46881  0.354978  4.85742  
4.93  2.51068  1.53188  1.8213  0.23698  -1.56691  0.354978  4.856  
4.94  2.51305  1.51523  1.82485  0.23698  -1.66501  0.354978  4.85457  
4.95  2.51542  1.4976  1.8284  0.23698  -1.76311  0.354978  4.85314  
4.96  2.51779  1.47899  1.83195  0.23698  -1.86121  0.354978  4.85171  
4.97  2.52016  1.45939  1.8355  0.23698  -1.95931  0.354978  4.85028  
4.98  2.52253  1.43882  1.83905  0.23698  -2.05741  0.354978  4.84885  
4.99  2.5249  1.41727  1.8426  0.23698  -2.15551  0.354978  4.84742  
5  2.52727  1.39473  1.84615  0.23698  -2.25361  0.354978  4.84599  
5.01  2.52964  1.37121  1.84969  0.23698  -2.35171  0.354978  4.84456  
5.02  2.53201  1.34671  1.85324  0.23698  -2.44981  0.354978  4.84313  
5.03  2.53438  1.32124  1.85679  0.23698  -2.54791  0.354978  4.8417  
5.04  2.53675  1.29478  1.86034  0.23698  -2.64601  0.354978  4.84028  
5.05  2.53912  1.26733  1.86389  0.23698  -2.74411  0.354978  4.83885  
5.06  2.54149  1.23891  1.86744  0.23698  -2.84221  0.354978  4.83742  
5.07  2.54386  1.20951  1.87099  0.23698  -2.94031  0.354978  4.83599  
5.08  2.54623  1.17912  1.87454  0.23698  -3.03841  0.354978  4.83456  
5.09  2.5486  1.14776  1.87809  0.23698  -3.13651  0.354978  4.83313  
5.1  2.55097  1.11541  1.88164  0.23698  -3.23461  0.354978  4.8317  
5.11  2.55334  1.08209  1.88519  0.23698  -3.33271  0.354978  4.83027  
5.12  2.55571  1.04778  1.88874  0.23698  -3.43081  0.354978  4.82884  
5.13  2.55808  1.01249  1.89229  0.23698  -3.52891  0.354978  4.82741  
5.14  2.56045  0.976219  1.89584  0.23698  -3.62701  0.354978  4.82599  
5.15  2.56282  0.938968  1.89939  0.23698  -3.72511  0.354978  4.82456  
5.16  2.56519  0.900736  1.90294  0.23698  -3.82321  0.354978  4.82313  
5.17  2.56756  0.861523  1.90649  0.23698  -3.92131  0.354978  4.8217  
5.18  2.56993  0.821329  1.91004  0.23698  -4.01941  0.354978  4.82027  
5.19  2.5723  0.780154  1.91359  0.23698  -4.11751  0.354978  4.81884  
5.2  2.57467  0.737998  1.91714  0.23698  -4.21561  0.354978  4.81741  
5.21  2.57704  0.694861  1.92069  0.23698  -4.31371  0.354978  4.81598  
5.22  2.57941  0.650743  1.92424  0.23698  -4.41181  0.354978  4.81455  
5.23  2.58178  0.605643  1.92779  0.23698  -4.50991  0.354978  4.81312  
5.24  2.58414  0.559563  1.93134  0.23698  -4.60801  0.354978  4.8117  
5.25  2.58651  0.512502  1.93489  0.23698  -4.70611  0.354978  4.81027  
5.26  2.58888  0.46446  1.93844  0.23698  -4.80421  0.354978  4.80884  
5.27  2.59125  0.415437  1.94199  0.23698  -4.90231  0.354978  4.80741  
5.28  2.59362  0.365433  1.94554  0.23698  -5.00041  0.354978  4.80598  
5.29  2.59599  0.314448  1.94909  0.23698  -5.09851  0.354978  4.80455  
5.3  2.59836  0.262482  1.95264  0.23698  -5.19661  0.354978  4.80312  
5.31  2.60073  0.209535  1.95619  0.23698  -5.29471  0.354978  4.80169  
5.32  2.6031  0.157781  1.95974  0.23698  -5.17538  0.354978  4.88248  
5.33  2.60547  0.111639  1.96329  0.23698  -4.61416  0.354978  5.21995  
5.34  2.60784  0.0750496  1.96684  0.23698  -3.65897  0.354978  5.44312  
5.35  2.61021  0.0511359  1.97039  0.23698  -2.39137  0.354978  5.47738  
5.36  2.61258  0.04194  1.97394  0.23698  -0.919587  0.354978  5.31129  
5.37  2.61495  0.0482472  1.97749  0.23698  0.630714  0.354978  5.00036  
5.38  2.61732  0.0695188  1.98104  0.23698  2.12716  0.354978  4.64851  
5.39  2.61969  0.103939  1.98459  0.23698  3.44199  0.354978  4.37336  
5.4  2.62206  0.148568  1.98814  0.23698  4.46293  0.354978  4.26686  
5.41  2.62443  0.199596  1.99169  0.23698  5.10281  0.354978  4.36461  
5.42  2.6268  0.252666  1.99524  0.23698  5.307  0.354978  4.63395  
5.43  2.62917  0.304755  1.99879  0.23698  5.2089  0.354978  4.94527  
5.44  2.63154  0.355863  2.00234  0.23698  5.1108  0.354978  4.94384  
5.45  2.63391  0.40599  2.00589  0.23698  5.0127  0.354978  4.94241  
5.46  2.63628  0.455136  2.00944  0.23698  4.9146  0.354978  4.94098  
5.47  2.63865  0.503301  2.01298  0.23698  4.8165  0.354978  4.93955  
5.48  2.64102  0.550485  2.01653  0.23698  4.7184  0.354978  4.93812  
5.49  2.64339  0.596688  2.02008  0.23698  4.6203  0.354978  4.93669  
5.5  2.64576  0.64191  2.02363  0.23698  4.5222  0.354978  4.93526  
5.51  2.64813  0.686151  2.02718  0.23698  4.4241  0.354978  4.93383  
5.52  2.6505  0.729411  2.03073  0.23698  4.326  0.354978  4.93241  
5.53  2.65287  0.77169  2.03428  0.23698  4.2279  0.354978  4.93098  
5.54  2.65524  0.812988  2.03783  0.23698  4.1298  0.354978  4.92955  
5.55  2.65761  0.853305  2.04138  0.23698  4.0317  0.354978  4.92812  
5.56  2.65998  0.892641  2.04493  0.23698  3.9336  0.354978  4.92669  
5.57  2.66235  0.930996  2.04848  0.23698  3.8355  0.354978  4.92526  
5.58  2.66472  0.96837  2.05203  0.23698  3.7374  0.354978  4.92383  
5.59  2.66709  1.00476  2.05558  0.23698  3.6393  0.354978  4.9224  
5.6  2.66946  1.04017  2.05913  0.23698  3.5412  0.354978  4.92097  
5.61  2.67183  1.07461  2.06268  0.23698  3.4431  0.354978  4.91954  
5.62  2.6742  1.10806  2.06623  0.23698  3.345  0.354978  4.91812  
5.63  2.67657  1.14052  2.06978  0.23698  3.2469  0.354978  4.91669  
5.64  2.67894  1.17201  2.07333  0.23698  3.1488  0.354978  4.91526  
5.65  2.68131  1.20252  2.07688  0.23698  3.0507  0.354978  4.91383  
5.66  2.68368  1.23205  2.08043  0.23698  2.9526  0.354978  4.9124  
5.67  2.68605  1.26059  2.08398  0.23698  2.8545  0.354978  4.91097  
5.68  2.68842  1.28815  2.08753  0.23698  2.7564  0.354978  4.90954  
5.69  2.69079  1.31474  2.09108  0.23698  2.6583  0.354978  4.90811  
5.7  2.69316  1.34034  2.09463  0.23698  2.5602  0.354978  4.90668  
5.71  2.69553  1.36496  2.09818  0.23698  2.4621  0.354978  4.90525  
5.72  2.6979  1.3886  2.10173  0.23698  2.364  0.354978  4.90383  
5.73  2.70027  1.41126  2.10528  0.23698  2.2659  0.354978  4.9024  
5.74  2.70263  1.43294  2.10883  0.23698  2.1678  0.354978  4.90097  
5.75  2.705  1.45363  2.11238  0.23698  2.0697  0.354978  4.89954  
5.76  2.70737  1.47335  2.11593  0.23698  1.9716  0.354978  4.89811  
5.77  2.70974  1.49209  2.11948  0.23698  1.8735  0.354978  4.89668  
5.78  2.71211  1.50984  2.12303  0.23698  1.7754  0.354978  4.89525  
5.79  2.71448  1.52661  2.12658  0.23698  1.6773  0.354978  4.89382  
5.8  2.71685  1.5424  2.13013  0.23698  1.5792  0.354978  4.89239  
5.81  2.71922  1.55722  2.13368  0.23698  1.4811  0.354978  4.89096  
5.82  2.72159  1.57105  2.13723  0.23698  1.383  0.354978  4.88954  
5.83  2.72396  1.58389  2.14078  0.23698  1.2849  0.354978  4.88811  
5.84  2.72633  1.59576  2.14433  0.23698  1.1868  0.354978  4.88668  
5.85  2.7287  1.60665  2.14788  0.23698  1.0887  0.354978  4.88525  
5.86  2.73107  1.61655  2.15143  0.23698  0.990598  0.354978  4.88382  
5.87  2.73344  1.62548  2.15498  0.23698  0.892498  0.354978  4.88239  
5.88  2.73581  1.63342  2.15853  0.23698  0.794398  0.354978  4.88096  
5.89  2.73818  1.64039  2.16208  0.23698  0.696298  0.354978  4.87953  
5.9  2.74055  1.64637  2.16563  0.23698  0.598198  0.354978  4.8781  
5.91  2.74292  1.65137  2.16918  0.23698  0.500098  0.354978  4.87667  
5.92  2.74529  1.65539  2.17272  0.23698  0.401998  0.354978  4.87524  
5.93  2.74766  1.65843  2.17627  0.23698  0.303898  0.354978  4.87382  
5.94  2.75003  1.66049  2.17982  0.23698  0.205798  0.354978  4.87239  
5.95  2.7524  1.66156  2.18337  0.23698  0.107698  0.354978  4.87096  
5.96  2.75477  1.66166  2.18692  0.23698  0.00959764  0.354978  4.86953  
5.97  2.75714  1.66077  2.19047  0.23698  -0.0885024  0.354978  4.8681  
5.98  2.75951  1.65891  2.19402  0.23698  -0.186602  0.354978  4.86667  
5.99  2.76188  1.65606  2.19757  0.23698  -0.284702  0.354978  4.86524  
6  2.76425  1.65223  2.20112  0.23698  -0.382802  0.354978  4.86381  
6.01  2.76662  1.64742  2.20467  0.23698  -0.480902  0.354978  4.86238  
6.02  2.76885  1.64163  2.20822  0.223151  -0.579002  0.354978  4.86129  
6.03  2.77075  1.63486  2.21177  0.190269  -0.677102  0.354978  4.86046  
6.04  2.77217  1.62711  2.21532  0.141142  -0.775202  0.354978  4.85933  
6.05  2.77296  1.61838  2.21887  0.0799631  -0.873302  0.354978  4.8578  
6.06  2.77308  1.60866  2.22242  0.0119568  -0.971402  0.354978  4.85589  
6.07  2.77251  1.59797  2.22597  -0.0570703  -1.0695  0.354978  4.85378  
6.08  2.7713  1.58629  2.22952  -0.121225  -1.1676  0.354978  4.85168  
6.09  2.76955  1.57364  2.23307  -0.175028  -1.2657  0.354978  4.84983  
6.1  2.76741  1.56  2.23662  -0.213888  -1.3638  0.354978  4.84836  
6.11  2.76507  1.54538  2.24017  -0.234485  -1.4619  0.354978  4.84729  
6.12  2.76272  1.52978  2.24372  -0.235061  -1.56  0.354978  4.84649  
6.13  2.76037  1.5132  2.24727  -0.235061  -1.6581  0.354978  4.8451  
6.14  2.75802  1.49564  2.25082  -0.235061  -1.7562  0.354978  4.84367  
6.15  2.75567  1.47709  2.25437  -0.235061  -1.8543  0.354978  4.84224  
6.16  2.75331  1.45757  2.25792  -0.235061  -1.9524  0.354978  4.84081  
6.17  2.75096  1.43706  2.26147  -0.235061  -2.0505  0.354978  4.83939  
6.18  2.74861  1.41558  2.26502  -0.235061  -2.1486  0.354978  4.83796  
6.19  2.74626  1.39311  2.26857  -0.235061  -2.2467  0.354978  4.83653  
6.2  2.74391  1.36966  2.27212  -0.235061  -2.3448  0.354978  4.8351  
6.21  2.74156  1.34523  2.27567  -0.235061  -2.4429  0.354978  4.83367  
6.22  2.73921  1.31982  2.27922  -0.235061  -2.541  0.354978  4.83224  
6.23  2.73686  1.29343  2.28277  -0.235061  -2.6391  0.354978  4.83081  
6.24  2.73451  1.26606  2.28632  -0.235061  -2.7372  0.354978  4.82938  
6.25  2.73216  1.23771  2.28987  -0.235061  -2.8353  0.354978  4.82795  
6.26  2.72981  1.20837  2.29342  -0.235061  -2.9334  0.354978  4.82652  
6.27  2.72746  1.17806  2.29697  -0.235061  -3.0315  0.354978  4.8251  
6.28  2.72511  1.14676  2.30052  -0.235061  -3.1296  0.354978  4.82367  
6.29  2.72276  1.11449  2.30407  -0.235061  -3.2277  0.354978  4.82224  
6.3  2.72041  1.08123  2.30762  -0.235061  -3.3258  0.354978  4.82081  
6.31  2.71806  1.04699  2.31117  -0.235061  -3.4239  0.354978  4.81938  
6.32  2.7157  1.01177  2.31472  -0.235061  -3.522  0.354978  4.81795  
6.33  2.71335  0.975568  2.31827  -0.235061  -3.6201  0.354978  4.81652  
6.34  2.711  0.938386  2.32182  -0.235061  -3.7182  0.354978  4.81509  
6.35  2.70865  0.900223  2.32537  -0.235061  -3.8163  0.354978  4.81366  
6.36  2.7063  0.861079  2.32892  -0.235061  -3.9144  0.354978  4.81223  
6.37  2.70395  0.820954  2.33246  -0.235061  -4.0125  0.354978  4.8108  
6.38  2.7016  0.779848  2.33601  -0.235061  -4.1106  0.354978  4.80938  
6.39  2.69925  0.737761  2.33956  -0.235061  -4.2087  0.354978  4.80795  
6.4  2.6969  0.694693  2.34311  -0.235061  -4.3068  0.354978  4.80652  
6.41  2.69455  0.650644  2.34666  -0.235061  -4.4049  0.354978  4.80509  
6.42  2.6922  0.605614  2.35021  -0.235061  -4.503  0.354978  4.80366  
6.43  2.68985  0.559603  2.35376  -0.235061  -4.6011  0.354978  4.80223  
6.44  2.6875  0.512611  2.35731  -0.235061  -4.6992  0.354978  4.8008  
6.45  2.68515  0.464638  2.36086  -0.235061  -4.7973  0.354978  4.79937  
6.46  2.6828  0.415684  2.36441  -0.235061  -4.8954  0.354978  4.79794  
6.47  2.68045  0.365749  2.36796  -0.235061  -4.9935  0.354978  4.79651  
6.48  2.67809  0.314833  2.37151  -0.235061  -5.0916  0.354978  4.79509  
6.49  2.67574  0.262935  2.37506  -0.235061  -5.1897  0.354978  4.79366  
6.5  2.67339  0.210057  2.37861  -0.235061  -5.2878  0.354978  4.79223  
6.51  2.67104  0.158328  2.38216  -0.235061  -5.17294  0.354978  4.86968  
6.52  2.66869  0.112164  2.38571  -0.235061  -4.61639  0.354978  5.20698  
6.53  2.66634  0.0755074  2.38926  -0.235061  -3.66568  0.354978  5.43118  
6.54  2.66399  0.0514875  2.39281  -0.235061  -2.40199  0.354978  5.46733  
6.55  2.66164  0.0421554  2.39636  -0.235061  -0.933207  0.354978  5.30336  
6.56  2.65929  0.048308  2.39991  -0.235061  0.615255  0.354978  4.99406  
6.57  2.65694  0.0694198  2.40346  -0.235061  2.11118  0.354978  4.64282  
6.58  2.65459  0.103688  2.40701  -0.235061  3.42686  0.354978  4.36703  
6.59  2.65224  0.148188  2.41056  -0.235061  4.44993  0.354978  4.25889  
6.6  2.64989  0.199118  2.41411  -0.235061  5.09306  0.354978  4.35452  
6.61  2.64754  0.252132  2.41766  -0.235061  5.30133  0.354978  4.62198  
6.62  2.64519  0.304164  2.42121  -0.235061  5.20323  0.354978  4.93464  
6.63  2.64284  0.355215  2.42476  -0.235061  5.10513  0.354978  4.93321  
6.64  2.64049  0.405285  2.42831  -0.235061  5.00703  0.354978  4.93179  
6.65  2.63813  0.454375  2.43186  -0.235061  4.90893  0.354978  4.93036  
6.66  2.63578  0.502483  2.43541  -0.235061  4.81083  0.354978  4.92893  
6.67  2.63343  0.54961  2.43896  -0.235061  4.71273  0.354978  4.9275  
6.68  2.63108  0.595757  2.44251  -0.235061  4.61463  0.354978  4.92607  
6.69  2.62873  0.640922  2.44606  -0.235061  4.51653  0.354978  4.92464  
6.7  2.62638  0.685106  2.44961  -0.235061  4.41843  0.354978  4.92321  
6.71  2.62403  0.728309  2.45316  -0.235061  4.32033  0.354978  4.92178  
6.72  2.62168  0.770532  2.45671  -0.235061  4.22223  0.354978  4.92035  
6.73  2.61933  0.811773  2.46026  -0.235061  4.12413  0.354978  4.91892  
6.74  2.61698  0.852033  2.46381  -0.235061  4.02603  0.354978  4.9175  
6.75  2.61463  0.891312  2.46736  -0.235061  3.92793  0.354978  4.91607  
6.76  2.61228  0.929611  2.47091  -0.235061  3.82983  0.354978  4.91464  
6.77  2.60993  0.966928  2.47446  -0.235061  3.73173  0.354978  4.91321  
6.78  2.60758  1.00326  2.47801  -0.235061  3.63363  0.354978  4.91178  
6.79  2.60523  1.03862  2.48156  -0.235061  3.53553  0.354978  4.91035  
6.8  2.60288  1.07299  2.48511  -0.235061  3.43743  0.354978  4.90892  
6.81  2.60052  1.10639  2.48866  -0.235061  3.33933  0.354978  4.90749  
6.82  2.59817  1.1388  2.49221  -0.235061  3.24123  0.354978  4.90606  
6.83  2.59582  1.17023  2.49575  -0.235061  3.14313  0.354978  4.90463  
6.84  2.59347  1.20068  2.4993  -0.235061  3.04503  0.354978  4.90321  
6.85  2.59112  1.23015  2.50285  -0.235061  2.94693  0.354978  4.90178  
6.86  2.58877  1.25864  2.5064  -0.235061  2.84883  0.354978  4.90035  
6.87  2.58642  1.28615  2.50995  -0.235061  2.75073  0.354978  4.89892  
6.88  2.58407  1.31267  2.5135  -0.235061  2.65263  0.354978  4.89749  
6.89  2.58172  1.33822  2.51705  -0.235061  2.55453  0.354978  4.89606  
6.9  2.57937  1.36278  2.5206  -0.235061  2.45643  0.354978  4.89463  
6.91  2.57702  1.38636  2.52415  -0.235061  2.35833  0.354978  4.8932  
6.92  2.57467  1.40897  2.5277  -0.235061  2.26023  0.354978  4.89177  
6.93  2.57232  1.43059  2.53125  -0.235061  2.16213  0.354978  4.89034  
6.94  2.56997  1.45123  2.5348  -0.235061  2.06403  0.354978  4.88892  
6.95  2.56762  1.47089  2.53835  -0.235061  1.96593  0.354978  4.88749  
6.96  2.56527  1.48957  2.5419  -0.235061  1.86783  0.354978  4.88606  
6.97  2.56292  1.50726  2.54545  -0.235061  1.76973  0.354978  4.88463  
6.98  2.56056  1.52398  2.549  -0.235061  1.67163  0.354978  4.8832  
6.99  2.55821  1.53972  2.55255  -0.235061  1.57353  0.354978  4.88177  
7  2.55586  1.55447  2.5561  -0.235061  1.47543  0.354978  4.88034  
7.01  2.55351  1.56824  2.55965  -0.235061  1.37733  0.354978  4.87891  
7.02  2.55116  1.58104  2.5632  -0.235061  1.27923  0.354978  4.87748  
7.03  2.54881  1.59285  2.56675  -0.235061  1.18113  0.354978  4.87605  
7.04  2.54646  1.60368  2.5703  -0.235061  1.08303  0.354978  4.87463  
7.05  2.54411  1.61353  2.57385  -0.235061  0.984928  0.354978  4.8732  
7.06  2.54176  1.62239  2.5774  -0.235061  0.886828  0.354978  4.87177  
7.07  2.53941  1.63028  2.58095  -0.235061  0.788728  0.354978  4.87034  
7.08  2.53706  1.63719  2.5845  -0.235061  0.690628  0.354978  4.86891  
7.09  2.53471  1.64311  2.58805  -0.235061  0.592528  0.354978  4.86748  
7.1  2.53236  1.64806  2.5916  -0.235061  0.494428  0.354978  4.86605  
7.11  2.53001  1.65202  2.59515  -0.235061  0.396328  0.354978  4.86462  
7.12  2.52766  1.655  2.5987  -0.235061  0.298228  0.354978  4.86319  
7.13  2.52531  1.657  2.60225  -0.235061  0.200128  0.354978  4.86176  
7.14  2.52295  1.65802  2.6058  -0.235061  0.102028  0.354978  4.86034  
7.15  2.5206  1.65806  2.60935  -0.235061  0.00392798  0.354978  4.85891  
7.16  2.51825  1.65712  2.6129  -0.235061  -0.094172  0.354978  4.85748  
7.17  2.5159  1.6552  2.61645  -0.235061  -0.192272  0.354978  4.85605  
7.18  2.51355  1.6523  2.62  -0.235061  -0.290372  0.354978  4.85462  
7.19  2.5112  1.64841  2.62355  -0.235061  -0.388472  0.354978  4.85319  
7.2  2.50885  1.64355  2.6271  -0.235061  -0.486572  0.354978  4.85176  
7.21  2.5065  1.6377  2.63065  -0.235061  -0.584672  0.354978  4.85033  
7.22  2.50415  1.63087  2.6342  -0.235061  -0.682772  0.354978  4.8489  
7.23  2.5018  1.62306  2.63775  -0.235061  -0.780872  0.354978  4.84747  
7.24  2.49945  1.61427  2.6413  -0.235061  -0.878972  0.354978  4.84605  
7.25  2.4971  1.6045  2.64485  -0.235061  -0.977072  0.354978  4.84462  
7.26  2.49475  1.59375  2.6484  -0.235061  -1.07517  0.354978  4.84319  
7.27  2.4924  1.58202  2.65195  -0.235061  -1.17327  0.354978  4.84176  
7.28  2.49005  1.5693  2.65549  -0.235061  -1.27137  0.354978  4.84033  
7.29  2.4877  1.55561  2.65904  -0.235061  -1.36947  0.354978  4.8389  
7.3  2.48535  1.54093  2.66259  -0.235061  -1.46757  0.354978  4.83747  
7.31  2.48299  1.52528  2.66614  -0.235061  -1.56567  0.354978  4.83604  
7.32  2.48064  1.50864  2.66969  -0.235061  -1.66377  0.354978  4.83461  
7.33  2.47829  1.49102  2.67324  -0.235061  -1.76187  0.354978  4.83318  
7.34  2.47594  1.47242  2.67679  -0.235061  -1.85997  0.354978  4.83176  
7.35  2.47359  1.45284  2.68034  -0.235061  -1.95807  0.354978  4.83033  
7.36  2.47124  1.43228  2.68389  -0.235061  -2.05617  0.354978  4.8289  
7.37  2.46889  1.41073  2.68744  -0.235061  -2.15427  0.354978  4.82747  
7.38  2.46654  1.38821  2.69099  -0.235061  -2.25237  0.354978  4.82604  
7.39  2.46419  1.36471  2.69454  -0.235061  -2.35047  0.354978  4.82461  
7.4  2.46184  1.34022  2.69809  -0.235061  -2.44857  0.354978  4.82318  
7.41  2.45949  1.31475  2.70164  -0.235061  -2.54667  0.354978  4.82175  
7.42  2.45714  1.28831  2.70519  -0.235061  -2.64477  0.354978  4.82032  
7.43  2.45479  1.26088  2.70874  -0.235061  -2.74287  0.354978  4.81889  
7.44  2.45244  1.23247  2.71229  -0.235061  -2.84097  0.354978  4.81747  
7.45  2.45009  1.20308  2.71584  -0.235061  -2.93907  0.354978  4.81604  
7.46  2.44774  1.17271  2.71939  -0.235061  -3.03717  0.354978  4.81461  
7.47  2.44538  1.14135  2.72294  -0.235061  -3.13527  0.354978  4.81318  
7.48  2.44303  1.10902  2.72649  -0.235061  -3.23337  0.354978  4.81175  
7.49  2.44068  1.0757  2.73004  -0.235061  -3.33147  0.354978  4.81032  
7.5  2.43833  1.04141  2.73359  -0.235061  -3.42957  0.354978  4.80889  
7.51  2.43598  1.00613  2.73714  -0.235061  -3.52767  0.354978  4.80746  
7.52  2.43363  0.969874  2.74069  -0.235061  -3.62577  0.354978  4.80603  
7.53  2.43128  0.932635  2.74424  -0.235061  -3.72387  0.354978  4.8046  
7.54  2.42893  0.894416  2.74779  -0.235061  -3.82197  0.354978  4.80317  
7.55  2.42658  0.855215  2.75134  -0.235061  -3.92007  0.354978  4.80175  
7.56  2.42423  0.815033  2.75489  -0.235061  -4.01817  0.354978  4.80032  
7.57  2.42188  0.77387  2.75844  -0.235061  -4.11627  0.354978  4.79889  
7.58  2.41953  0.731727  2.76199  -0.235061  -4.21437  0.354978  4.79746  
7.59  2.41718  0.688602  2.76554  -0.235061  -4.31247  0.354978  4.79603  
7.6  2.41483  0.644496  2.76904  -0.235061  -4.41057  0.350384  4.79464  
7.61  2.41248  0.59941  2.7722  -0.235061  -4.50867  0.315874  4.79476  
7.62  2.41013  0.553342  2.77474  -0.235061  -4.60677  0.254393  4.79442  
7.63  2.40777  0.506293  2.77646  -0.235061  -4.70487  0.171192  4.79325  
7.64  2.40542  0.458263  2.77719  -0.235061  -4.80297  0.0733733  4.79117  
7.65  2.40307  0.409253  2.77688  -0.235061  -4.90107  -0.0307099  4.78838  
7.66  2.40072  0.359261  2.77556  -0.235061  -4.99917  -0.132171  4.78536  
7.67  2.39837  0.308288  2.77334  -0.235061  -5.09727  -0.222347  4.78262  
7.68  2.39602  0.256335  2.7704  -0.235061  -5.19537  -0.293538  4.78061  
7.69  2.39367  0.2034  2.76701  -0.235061  -5.29347  -0.339666  4.77952  
7.7  2.39132  0.152182  2.76344  -0.235061  -5.12176  -0.356793  4.90585  
7.71  2.38897  0.107055  2.75987  -0.235061  -4.51274  -0.356793  5.23532  
7.72  2.38662  0.0718707  2.7563  -0.235061  -3.51841  -0.356793  5.43844  
7.73  2.38427  0.0496341  2.75273  -0.235061  -2.22366  -0.356793  5.44857  
7.74  2.38192  0.0422436  2.74917  -0.235061  -0.739055  -0.356793  5.26234  
7.75  2.37957  0.0503301  2.7456  -0.235061  0.808654  -0.356793  4.94199  
7.76  2.37722  0.0732033  2.74203  -0.235061  2.28732  -0.356793  4.59458  
7.77  2.37487  0.10891  2.73846  -0.235061  3.57068  -0.356793  4.33625  
7.78  2.37252  0.154402  2.73489  -0.235061  4.54918  -0.356793  4.25333  
7.79  2.37017  0.205794  2.73133  -0.235061  5.13925  -0.356793  4.37354  
7.8  2.36781  0.258699  2.72776  -0.235061  5.29051  -0.356793  4.6567  
7.81  2.36546  0.310624  2.72419  -0.235061  5.19241  -0.356793  4.93696  
7.82  2.36311  0.361567  2.72062  -0.235061  5.09431  -0.356793  4.93553  
7.83  2.36076  0.411529  2.71705  -0.235061  4.99621  -0.356793  4.9341  
7.84  2.35841  0.46051  2.71349  -0.235061  4.89811  -0.356793  4.93267  
7.85  2.35606  0.50851  2.70992  -0.235061  4.80001  -0.356793  4.93124  
7.86  2.35371  0.555529  2.70635  -0.235061  4.70191  -0.356793  4.92981  
7.87  2.35136  0.601567  2.70278  -0.235061  4.60381  -0.356793  4.92838  
7.88  2.34901  0.646624  2.69922  -0.235061  4.50571  -0.356793  4.92696  
7.89  2.34666  0.6907  2.69565  -0.235061  4.40761  -0.356793  4.92553  
7.9  2.34431  0.733796  2.69208  -0.235061  4.30951  -0.356793  4.9241  
7.91  2.34196  0.77591  2.68851  -0.235061  4.21141  -0.356793  4.92267  
7.92  2.33961  0.817043  2.68494  -0.235061  4.11331  -0.356793  4.92124  
7.93  2.33726  0.857195  2.68138  -0.235061  4.01521  -0.356793  4.91981  
7.94  2.33491  0.896366  2.67781  -0.235061  3.91711  -0.356793  4.91838  
7.95  2.33256  0.934556  2.67424  -0.235061  3.81901  -0.356793  4.91695  
7.96  2.3302  0.971765  2.67067  -0.235061  3.72091  -0.356793  4.91552  
7.97  2.32785  1.00799  2.6671  -0.235061  3.62281  -0.356793  4.91409  
7.98  2.3255  1.04324  2.66354  -0.235061  3.52471  -0.356793  4.91266  
7.99  2.32315  1.07751  2.65997  -0.235061  3.42661  -0.356793  4.91124  
8  2.3208  1.11079  2.6564  -0.235061  3.32851  -0.356793  4.90981  
8.01  2.31845  1.1431  2.65283  -0.235061  3.23041  -0.356793  4.90838  
8.02  2.3161  1.17442  2.64926  -0.235061  3.13231  -0.356793  4.90695  
8.03  2.31375  1.20476  2.6457  -0.235061  3.03421  -0.356793  4.90552  
8.04  2.3114  1.23412  2.64213  -0.235061  2.93611  -0.356793  4.90409  
8.05  2.30905  1.2625  2.63856  -0.235061  2.83801  -0.356793  4.90266  
8.06  2.3067  1.2899  2.63499  -0.235061  2.73991  -0.356793  4.90123  
8.07  2.30435  1.31632  2.63142  -0.235061  2.64181  -0.356793  4.8998  
8.08  2.302  1.34176  2.62786  -0.235061  2.54371  -0.356793  4.89837  
8.09  2.29965  1.36621  2.62429  -0.235061  2.44561  -0.356793  4.89695  
8.1  2.2973  1.38969  2.62072  -0.235061  2.34751  -0.356793  4.89552  
8.11  2.29495  1.41218  2.61715  -0.235061  2.24941  -0.356793  4.89409  
8.12  2.2926  1.4337  2.61358  -0.235061  2.15131  -0.356793  4.89266  
8.13  2.29024  1.45423  2.61002  -0.235061  2.05321  -0.356793  4.89123  
8.14  2.28789  1.47378  2.60645  -0.235061  1.95511  -0.356793  4.8898  
8.15  2.28554  1.49235  2.60288  -0.235061  1.85701  -0.356793  4.88837  
8.16  2.28319  1.50994  2.59931  -0.235061  1.75891  -0.356793  4.88694  
8.17  2.28084  1.52655  2.59575  -0.235061  1.66081  -0.356793  4.88551  
8.18  2.27849  1.54217  2.59218  -0.235061  1.56271  -0.356793  4.88408  
8.19  2.27614  1.55682  2.58861  -0.235061  1.46461  -0.356793  4.88266  
8.2  2.27379  1.57048  2.58504  -0.235061  1.36651  -0.356793  4.88123  
8.21  2.27144  1.58317  2.58147  -0.235061  1.26841  -0.356793  4.8798  
8.22  2.26909  1.59487  2.57791  -0.235061  1.17031  -0.356793  4.87837  
8.23  2.26674  1.60559  2.57434  -0.235061  1.07221  -0.356793  4.87694  
8.24  2.26439  1.61533  2.57077  -0.235061  0.974111  -0.356793  4.87551  
8.25  2.26204  1.62409  2.5672  -0.235061  0.876011  -0.356793  4.87408  
8.26  2.25969  1.63187  2.56363  -0.235061  0.777911  -0.356793  4.87265  
8.27  2.25734  1.63867  2.56007  -0.235061  0.679811  -0.356793  4.87122  
8.28  2.25499  1.64449  2.5565  -0.235061  0.581711  -0.356793  4.86979  
8.29  2.25263  1.64933  2.55293  -0.235061  0.483611  -0.356793  4.86837  
8.3  2.25028  1.65318  2.54936  -0.235061  0.385511  -0.356793  4.86694  
8.31  2.24793  1.65605  2.54579  -0.235061  0.287411  -0.356793  4.86551  
8.32  2.24558  1.65795  2.54223  -0.235061  0.189311  -0.356793  4.86408  
8.33  2.24323  1.65886  2.53866  -0.235061  0.0912113  -0.356793  4.86265  
8.34  2.24088  1.65879  2.53509  -0.235061  -0.00688873  -0.356793  4.86122  
8.35  2.23853  1.65774  2.53152  -0.235061  -0.104989  -0.356793  4.85979  
8.36  2.23618  1.65571  2.52795  -0.235061  -0.203089  -0.356793  4.85836  
8.37  2.23383  1.6527  2.52439  -0.235061  -0.301189  -0.356793  4.85693  
8.38  2.23148  1.64871  2.52082  -0.235061  -0.399289  -0.356793  4.8555  
8.39  2.22913  1.64373  2.51725  -0.235061  -0.497389  -0.356793  4.85408  
8.4  2.22678  1.63778  2.51368  -0.235061  -0.595489  -0.356793  4.85265  
8.41  2.22443  1.63084  2.51012  -0.235061  -0.693589  -0.356793  4.85122  
8.42  2.22208  1.62292  2.50655  -0.235061  -0.791689  -0.356793  4.84979  
8.43  2.21973  1.61403  2.50298  -0.235061  -0.889789  -0.356793  4.84836  
8.44  2.21738  1.60415  2.49941  -0.235061  -0.987889  -0.356793  4.84693  
8.45  2.21503  1.59329  2.49584  -0.235061  -1.08599  -0.356793  4.8455  
8.46  2.21267  1.58145  2.49228  -0.235061  -1.18409  -0.356793  4.84407  
8.47  2.21032  1.56862  2.48871  -0.235061  -1.28219  -0.356793  4.84264  
8.48  2.20797  1.55482  2.48514  -0.235061  -1.38029  -0.356793  4.84121  
8.49  2.20562  1.54004  2.48157  -0.235061  -1.47839  -0.356793  4.83979  
8.5  2.20327  1.52427  2.478  -0.235061  -1.57649  -0.356793  4.83836  
8.51  2.20092  1.50753  2.47444  -0.235061  -1.67459  -0.356793  4.83693  
8.52  2.19857  1.4898  2.47087  -0.235061  -1.77269  -0.356793  4.8355  
8.53  2.19622  1.47109  2.4673  -0.235061  -1.87079  -0.356793  4.83407  
8.54  2.19387  1.4514  2.46373  -0.235061  -1.96889  -0.356793  4.83264  
8.55  2.19152  1.43073  2.46016  -0.235061  -2.06699  -0.356793  4.83121  
8.56  2.18917  1.40908  2.4566  -0.235061  -2.16509  -0.356793  4.82978  
8.57  2.18682  1.38645  2.45303  -0.235061  -2.26319  -0.356793  4.82835  
8.58  2.18447  1.36284  2.44946  -0.235061  -2.36129  -0.356793  4.82692  
8.59  2.18212  1.33824  2.44589  -0.235061  -2.45939  -0.356793  4.8255  
8.6  2.17977  1.31267  2.44232  -0.235061  -2.55749  -0.356793  4.82407  
8.61  2.17742  1.28611  2.43876  -0.235061  -2.65559  -0.356793  4.82264  
8.62  2.17506  1.25858  2.43519  -0.235061  -2.75369  -0.356793  4.82121  
8.63  2.17271  1.23006  2.43162  -0.235061  -2.85179  -0.356793  4.81978  
8.64  2.17036  1.20056  2.42805  -0.235061  -2.94989  -0.356793  4.81835  
8.65  2.16801  1.17008  2.42448  -0.235061  -3.04799  -0.356793  4.81692  
8.66  2.16566  1.13862  2.42092  -0.235061  -3.14609  -0.356793  4.81549  
8.67  2.16331  1.10618  2.41735  -0.235061  -3.24419  -0.356793  4.81406  
8.68  2.16096  1.07275  2.41378  -0.235061  -3.34229  -0.356793  4.81263  
8.69  2.15861  1.03835  2.41021  -0.235061  -3.44039  -0.356793  4.81121  
8.7  2.15626  1.00296  2.40665  -0.235061  -3.53849  -0.356793  4.80978  
8.71  2.15391  0.966599  2.40308  -0.235061  -3.63659  -0.356793  4.80835  
8.72  2.15156  0.929252  2.39951  -0.235061  -3.73469  -0.356793  4.80692  
8.73  2.14921  0.890924  2.39594  -0.235061  -3.83279  -0.356793  4.80549  
8.74  2.14686  0.851615  2.39237  -0.235061  -3.93089  -0.356793  4.80406  
8.75  2.14451  0.811325  2.38881  -0.235061  -4.02899  -0.356793  4.80263  
8.76  2.14216  0.770054  2.38524  -0.235061  -4.12709  -0.356793  4.8012  
8.77  2.13981  0.727802  2.38167  -0.235061  -4.22519  -0.356793  4.79977  
8.78  2.13745  0.68457  2.3781  -0.235061  -4.32329  -0.356793  4.79834  
8.79  2.1351  0.640356  2.37453  -0.235061  -4.42139  -0.356793  4.79692  
8.8  2.13275  0.595161  2.37097  -0.235061  -4.51949  -0.356793  4.79549  
8.81  2.1304  0.548985  2.3674  -0.235061  -4.61759  -0.356793  4.79406  
8.82  2.12805  0.501828  2.36383  -0.235061  -4.71569  -0.356793  4.79263  
8.83  2.1257  0.45369  2.36026  -0.235061  -4.81379  -0.356793  4.7912  
8.84  2.12335  0.404571  2.35669  -0.235061  -4.91189  -0.356793  4.78977  
8.85  2.121  0.354471  2.35313  -0.235061  -5.00999  -0.356793  4.78834  
8.86  2.11865  0.30339  2.34956  -0.235061  -5.10809  -0.356793  4.78691  
8.87  2.1163  0.251329  2.34599  -0.235061  -5.20619  -0.356793  4.78548  
8.88  2.11395  0.198286  2.34242  -0.235061  -5.30429  -0.356793  4.78405  
8.89  2.1116  0.147397  2.33885  -0.235061  -5.08891  -0.356793  4.95352  
8.9  2.10925  0.103006  2.33529  -0.235061  -4.43903  -0.356793  5.27497  
8.91  2.1069  0.068905  2.33172  -0.235061  -3.41013  -0.356793  5.46209  
8.92  2.10455  0.0480044  2.32815  -0.235061  -2.09006  -0.356793  5.45233  
8.93  2.1022  0.042089  2.32458  -0.235061  -0.591539  -0.356793  5.24896  
8.94  2.09985  0.0516639  2.32101  -0.235061  0.95749  -0.356793  4.91995  
8.95  2.09749  0.0759116  2.31745  -0.235061  2.42477  -0.356793  4.57527  
8.96  2.09514  0.112762  2.31388  -0.235061  3.68501  -0.356793  4.33013  
8.97  2.09279  0.159068  2.31031  -0.235061  4.63061  -0.356793  4.26646  
8.98  2.09044  0.210876  2.30674  -0.235061  5.18085  -0.356793  4.40555  
8.99  2.08809  0.263763  2.30318  -0.235061  5.28872  -0.356793  4.7009  
9  2.08574  0.31567  2.29961  -0.235061  5.19062  -0.356793  4.9489  
9.01  2.08339  0.366595  2.29604  -0.235061  5.09252  -0.356793  4.94747  
9.02  2.08104  0.416539  2.29247  -0.235061  4.99442  -0.356793  4.94604  
9.03  2.07869  0.465502  2.2889  -0.235061  4.89632  -0.356793  4.94461  
9.04  2.07634  0.513485  2.28534  -0.235061  4.79822  -0.356793  4.94318  
9.05  2.07399  0.560486  2.28177  -0.235061  4.70012  -0.356793  4.94175  
9.06  2.07164  0.606506  2.2782  -0.235061  4.60202  -0.356793  4.94033  
9.07  2.06929  0.651545  2.27463  -0.235061  4.50392  -0.356793  4.9389  
9.08  2.06694  0.695603  2.27106  -0.235061  4.40582  -0.356793  4.93747  
9.09  2.06459  0.738681  2.2675  -0.235061  4.30772  -0.356793  4.93604  
9.1  2.06224  0.780777  2.26393  -0.235061  4.20962  -0.356793  4.93461  
9.11  2.05988  0.821892  2.26036  -0.235061  4.11152  -0.356793  4.93318  
9.12  2.05753  0.862026  2.25679  -0.235061  4.01342  -0.356793  4.93175  
9.13  2.05518  0.901179  2.25322  -0.235061  3.91532  -0.356793  4.93032  
9.14  2.05283  0.939352  2.24966  -0.235061  3.81722  -0.356793  4.92889  
9.15  2.05048  0.976543  2.24609  -0.235061  3.71912  -0.356793  4.92746  
9.16  2.04813  1.01275  2.24252  -0.235061  3.62102  -0.356793  4.92604  
9.17  2.04578  1.04798  2.23895  -0.235061  3.52292  -0.356793  4.92461  
9.18  2.04343  1.08223  2.23538  -0.235061  3.42482  -0.356793  4.92318  
9.19  2.04108  1.1155  2.23182  -0.235061  3.32672  -0.356793  4.92175  
9.2  2.03873  1.14778  2.22825  -0.235061  3.22862  -0.356793  4.92032  
9.21  2.03638  1.17909  2.22468  -0.235061  3.13052  -0.356793  4.91889  
9.22  2.03403  1.20941  2.22111  -0.235061  3.03242  -0.356793  4.91746  
9.23  2.03168  1.23876  2.21754  -0.235061  2.93432  -0.356793  4.91603  
9.24  2.02933  1.26712  2.21398  -0.235061  2.83622  -0.356793  4.9146  
9.25  2.02698  1.2945  2.21041  -0.235061  2.73812  -0.356793  4.91317  
9.26  2.02463  1.3209  2.20684  -0.235061  2.64002  -0.356793  4.91175  
9.27  2.02228  1.34632  2.20327  -0.235061  2.54192  -0.356793  4.91032  
9.28  2.01992  1.37076  2.19971  -0.235061  2.44382  -0.356793  4.90889  
9.29  2.01757  1.39421  2.19614  -0.235061  2.34572  -0.356793  4.90746  
9.3  2.01522  1.41669  2.19257  -0.235061  2.24762  -0.356793  4.90603  
9.31  2.01287  1.43819  2.189  -0.235061  2.14952  -0.356793  4.9046  
9.32  2.01052  1.4587  2.18543  -0.235061  2.05142  -0.356793  4.90317  
9.33  2.00817  1.47823  2.18187  -0.235061  1.95332  -0.356793  4.90174  
9.34  2.00582  1.49679  2.1783  -0.235061  1.85522  -0.356793  4.90031  
9.35  2.00347  1.51436  2.17473  -0.235061  1.75712  -0.356793  4.89888  
9.36  2.00112  1.53095  2.17116  -0.235061  1.65902  -0.356793  4.89746  
9.37  1.99877  1.54656  2.16759  -0.235061  1.56092  -0.356793  4.89603  
9.38  1.99642  1.56118  2.16403  -0.235061  1.46282  -0.356793  4.8946  
9.39  1.99407  1.57483  2.16046  -0.235061  1.36472  -0.356793  4.89317  
9.4  1.99172  1.5875  2.15689  -0.235061  1.26662  -0.356793  4.89174  
9.41  1.98937  1.59918  2.15332  -0.235061  1.16852  -0.356793  4.89031  
9.42  1.98702  1.60989  2.14975  -0.235061  1.07042  -0.356793  4.88888  
9.43  1.98467  1.61961  2.14619  -0.235061  0.972321  -0.356793  4.88745  
9.44  1.98231  1.62835  2.14262  -0.235061  0.874221  -0.356793  4.88602  
9.45  1.97996  1.63611  2.13905  -0.235061  0.776121  -0.356793  4.88459  
9.46  1.97761  1.64289  2.13548  -0.235061  0.678021  -0.356793  4.88316  
9.47  1.97526  1.64869  2.13191  -0.235061  0.579921  -0.356793  4.88174  
9.48  1.97291  1.65351  2.12835  -0.235061  0.481821  -0.356793  4.88031  
9.49  1.97056  1.65735  2.12478  -0.235061  0.383721  -0.356793  4.87888  
9.5  1.96821  1.66021  2.12121  -0.235061  0.285621  -0.356793  4.87745  
9.51  1.96586  1.66208  2.11764  -0.235061  0.187521  -0.356793  4.87602  
9.52  1.96351  1.66297  2.11407  -0.235061  0.0894212  -0.356793  4.87459  
9.53  1.96116  1.66289  2.11051  -0.235061  -0.00867876  -0.356793  4.87316  
9.54  1.95881  1.66182  2.10694  -0.235061  -0.106779  -0.356793  4.87173  
9.55  1.95646  1.65977  2.10337  -0.235061  -0.204879  -0.356793  4.8703  
9.56  1.95411  1.65674  2.0998  -0.235061  -0.302979  -0.356793  4.86887  
9.57  1.95176  1.65273  2.09624  -0.235061  -0.401079  -0.356793  4.86745  
9.58  1.94941  1.64774  2.09267  -0.235061  -0.499179  -0.356793  4.86602  
9.59  1.94706  1.64177  2.0891  -0.235061  -0.597279  -0.356793  4.86459  
9.6  1.9447  1.63481  2.08553  -0.235061  -0.695379  -0.356793  4.86316  
9.61  1.94235  1.62688  2.08196  -0.235061  -0.793479  -0.356793  4.86173  
9.62  1.94  1.61796  2.0784  -0.235061  -0.891579  -0.356793  4.8603  
9.63  1.93765  1.60807  2.07483  -0.235061  -0.989679  -0.356793  4.85887  
9.64  1.9353  1.59719  2.07126  -0.235061  -1.08778  -0.356793  4.85744  
9.65  1.93295  1.58533  2.06769  -0.235061  -1.18588  -0.356793  4.85601  
9.66  1.9306  1.57249  2.06412  -0.235061  -1.28398  -0.356793  4.85458  
9.67  1.92825  1.55867  2.06056  -0.235061  -1.38208  -0.356793  4.85316  
9.68  1.9259  1.54387  2.05699  -0.235061  -1.48018  -0.356793  4.85173  
9.69  1.92355  1.52808  2.05342  -0.235061  -1.57828  -0.356793  4.8503  
9.7  1.9212  1.51132  2.04985  -0.235061  -1.67638  -0.356793  4.84887  
9.71  1.91885  1.49357  2.04628  -0.235061  -1.77448  -0.356793  4.84744  
9.72  1.9165  1.47485  2.04272  -0.235061  -1.87258  -0.356793  4.84601  
9.73  1.91415  1.45514  2.03915  -0.235061  -1.97068  -0.356793  4.84458  
9.74  1.9118  1.43445  2.03558  -0.235061  -2.06878  -0.356793  4.84315  
9.75  1.90945  1.41279  2.03201  -0.235061  -2.16688  -0.356793  4.84172  
9.76  1.9071  1.39014  2.02844  -0.235061  -2.26498  -0.356793  4.84029  
9.77  1.90474  1.36651  2.02488  -0.235061  -2.36308  -0.356793  4.83887  
9.78  1.90239  1.34189  2.02131  -0.235061  -2.46118  -0.356793  4.83744  
9.79  1.90004  1.3163  2.01774  -0.235061  -2.55928  -0.356793  4.83601  
9.8  1.89769  1.28973  2.01417  -0.235061  -2.65738  -0.356793  4.83458  
9.81  1.89534  1.26217  2.01061  -0.235061  -2.75548  -0.356793  4.83315  
9.82  1.89299  1.23364  2.00704  -0.235061  -2.85358  -0.356793  4.83172  
9.83  1.89064  1.20412  2.00347  -0.235061  -2.95168  -0.356793  4.83029  
9.84  1.88829  1.17362  1.9999  -0.235061  -3.04978  -0.356793  4.82886  
9.85  1.88594  1.14214  1.99633  -0.235061  -3.14788  -0.356793  4.82743  
9.86  1.88359  1.10968  1.99277  -0.235061  -3.24598  -0.356793  4.826  
9.87  1.88124  1.07624  1.9892  -0.235061  -3.34408  -0.356793  4.82458  
9.88  1.87889  1.04182  1.98563  -0.235061  -3.44218  -0.356793  4.82315  
9.89  1.87654  1.00642  1.98206  -0.235061  -3.54028  -0.356793  4.82172  
9.9  1.87419  0.970034  1.97849  -0.235061  -3.63838  -0.356793  4.82029  
9.91  1.87184  0.932669  1.97493  -0.235061  -3.73648  -0.356793  4.81886  
9.92  1.86949  0.894323  1.97136  -0.235061  -3.83458  -0.356793  4.81743  
9.93  1.86713  0.854996  1.96779  -0.235061  -3.93268  -0.356793  4.816  
9.94  1.86478  0.814689  1.96422  -0.235061  -4.03078  -0.356793  4.81457  
9.95  1.86243  0.7734  1.96065  -0.235061  -4.12888  -0.356793  4.81314  
9.96  1.86008  0.73113  1.95709  -0.235061  -4.22698  -0.356793  4.81171  
9.97  1.85773  0.687879  1.95352  -0.235061  -4.32508  -0.356793  4.81029  
9.98  1.85538  0.643647  1.94995  -0.235061  -4.42318  -0.356793  4.80886  
9.99  1.85303  0.598435  1.94638  -0.235061  -4.52128  -0.356793  4.80743  
